a
a
716.4624
true
6
1
Stock Holdings
1 0
2 0
3 4
4 0
5 0
6 0
7 0
8 0
9 0
10 0
11 0
12 0
Stock Market Data - ID - Price - Expected Return - SD
1 34.169956 4.4796715 8.66363
2 50.132133 9.837706 9.299807
3 85.152565 6.578283 6.6512027
4 53.84923 7.5493155 7.900247
5 29.20734 -9.656956 8.8815155
6 60.431152 10.172542 9.98574
7 35.862595 -6.5412593 5.559851
8 45.238953 3.3784082 8.961355
9 95.64846 -8.07752 8.2840605
10 34.98629 13.268027 7.6591187
11 60.3388 -10.0628605 8.351984
12 51.81892 4.272187 9.297099
