b
b
1000.0
false
1
1
Stock Holdings
1 0
2 0
3 0
4 0
5 0
6 0
7 0
8 0
9 0
10 0
11 0
12 0
Stock Market Data - ID - Price - Expected Return - SD
1 25.32971 -1.9852667 7.110588
2 45.380978 -5.711766 9.717306
3 26.392576 4.3467097 8.670102
4 53.661724 1.3279873 6.664275
5 33.742847 11.814908 8.475732
6 27.086052 9.030415 9.8766365
7 41.254723 1.379108 8.789323
8 50.856255 10.403986 7.415449
9 68.518456 -5.3295436 8.580849
10 38.426792 -8.692681 7.4661164
11 39.773273 -13.963778 6.0211225
12 56.947845 -13.689759 8.330177