c
c
1000.0
true
6
1
Stock Holdings
1 0
2 0
3 0
4 0
5 0
6 0
7 0
8 0
9 0
10 0
11 0
12 0
Stock Market Data - ID - Price - Expected Return - SD
1 49.38727 -4.9815454 9.168596
2 65.469696 3.714489 5.208454
3 37.517265 -3.7885475 5.3796334
4 68.020996 10.323808 9.891549
5 56.384598 -2.0589523 7.8778725
6 33.4589 6.863365 5.5755377
7 54.805557 6.4593806 5.0881004
8 41.548454 -3.7593594 9.652296
9 62.22503 6.9751024 8.176808
10 46.499565 -11.247088 8.661939
11 73.98093 -0.62985885 6.507989
12 50.814827 13.175036 9.300558
